82
59
98
18
87
96
37
0
17
15
63
73
46
51
38
2
98
22
13
0
67
59
53
77
69
7
65
61
19
94
88
87
37
60
46
33
30
99
49
18
31
68
20
89
22
40
66
74
29
21
40
12
11
81
97
65
43
59
11
13
55
61
62
37
81
30
13
87
53
68
45
98
89
49
23
7
77
51
13
93
59
68
98
68
10
63
68
84
11
28
73
54
82
39
52
15
19
87
26
78
15
83
8
37
34
87
1
32
21
7
43
43
30
83
79
31
8
58
38
90
78
0
76
10
67
28
62
5
42
7
92
77
84
39
16
51
98
66
80
72
76
57
70
35
11
71
52
40
90
21
81
65
41
11
17
30
91
50
14
23
36
92
2
51
94
75
40
58
56
64
69
10
55
89
50
61
61
99
62
41
77
31
7
41
53
7
66
81
89
27
29
59
29
67
74
45
90
63
79
67
67
80
49
85
21
33
65
9
7
79
61
27
36
67
78
42
0
83
86
75
98
10
18
89
9
62
88
20
50
17
22
63
39
35
45
93
62
66
38
21
98
55
25
54
38
52
50
13
87
33
8
51
87
3
81
48
61
65
40
59
94
25
68
18
3
73
52
42
49
81
84
34
2
89
31
86
77
98
63
81
42
10
92
10
85
47
41
52
49
72
23
61
41
58
46
48
13
49
71
33
25
56
24
61
6
80
43
17
71
73
99
1
77
0
15
70
74
49
8
29
16
58
68
84
45
24
73
89
17
2
85
77
76
66
65
69
9
29
51
84
67
76
70
88
12
42
87
37
3
1
86
80
55
74
18
90
83
11
9
46
2
84
58
27
87
29
48
71
2
0
87
73
50
61
35
89
71
18
45
33
54
92
16
22
80
64
66
94
74
94
92
33
23
49
51
4
54
59
35
82
97
60
16
17
13
67
60
28
14
96
86
54
11
65
31
58
49
45
87
65
93
2
81
47
2
40
55
99
80
53
65
92
82
53
89
5
61
78
14
25
29
22
3
45
1
14
61
37
83
0
15
5
63
11
60
3
18
78
87
87
89
2
42
23
81
74
30
79
13
38
46
36
57
57
93
42
15
35
2
14
92
98
57
97
63
94
34
46
34
98
79
50
96
83
51
57
54
53
38
85
2
5
84
55
33
79
3
50
13
11
95
42
75
76
94
46
99
5
67
54
29
2
13
36
77
74
45
96
18
87
8
78
87
88
18
24
75
56
43
39
46
32
86
59
59
74
8
0
97
68
24
44
6
75
88
86
29
48
35
10
4
97
54
97
1
32
30
40
64
51
50
58
57
86
76
44
39
2
12
11
7
24
59
41
82
72
95
6
78
4
88
34
33
34
74
70
60
37
93
75
4
71
77
40
97
2
38
64
66
44
13
60
31
89
64
41
46
62
78
56
84
14
77
15
71
96
87
6
45
62
80
80
12
42
8
32
91
33
66
72
24
18
47
90
76
12
35
39
99
95
97
3
10
34
59
23
98
28
53
56
25
83
23
32
38
96
4
5
80
58
45
21
16
38
7
15
42
74
26
69
18
26
9
71
24
16
87
83
78
52
45
64
24
90
12
72
88
20
3
18
6
52
5
40
14
83
33
93
61
51
60
68
22
49
84
86
55
14
79
61
15
10
51
90
80
68
68
81
63
39
87
77
27
35
9
91
4
51
14
4
80
41
92
75
0
93
78
79
74
28
69
45
33
8
3
14
97
41
63
77
64
8
22
94
38
61
18
96
66
71
93
6
64
80
19
72
25
85
34
83
80
37
57
81
7
73
99
1
38
40
91
65
25
60
43
31
48
85
32
12
63
65
42
29
54
0
26
81
46
24
45
71
80
61
94
20
0
86
83
1
27
23
23
11
40
98
53
95
40
95
84
5
30
24
86
62
18
51
29
44
3
58
63
3
33
16
81
23
98
43
77
64
75
59
17
68
47
21
33
91
77
61
56
65
44
26
82
41
81
43
63
22
46
39
96
68
84
42
20
86
13
93
85
61
30
47
52
15
50
95
87
21
3
65
96
5
97
93
23
36
64
5
61
98
69
30
15
54
36
18
25
25
32
57
62
99
41
60
37
21
86
25
32
30
51
69
32
35
47
14
14
61
0
40
22
58
21
80
11
88
0
40
4
33
76
29
85
21
7
98
38
78
81
51
50
2
28
54
86
88
71
22
49
42
36
12
44
33
82
37
50
67
96
45
49
40
75
0
96
53
32
24
51
69
83
17
68
1
3
8
99
99
3
24
95
42
69
0
79
82
