0
0
0
0
0
22
80
0
0
0
0
0
0
0
0
1
1
1
32
1
1
1
1
2
2
2
2
16
2
2
2
2
81
2
2
50
2
2
3
3
3
3
3
3
3
3
3
3
3
3
3
3
4
4
4
4
4
78
63
40
5
5
5
22
5
5
5
5
5
5
6
45
6
6
6
6
7
7
7
7
11
7
7
7
7
7
7
8
8
8
8
8
8
8
8
8
8
9
9
9
9
9
9
10
10
10
10
10
10
10
10
10
42
11
11
11
11
11
11
11
11
11
11
11
12
12
12
12
12
12
12
12
13
13
13
38
13
13
13
13
13
13
13
13
20
14
14
14
14
29
14
14
14
14
14
14
15
15
15
96
15
15
15
15
15
15
47
16
16
16
2
16
16
16
17
65
17
17
17
17
17
17
18
18
18
18
18
86
94
18
18
18
18
18
18
36
18
19
19
19
14
20
20
20
20
21
21
21
21
21
21
21
21
21
21
21
22
0
5
22
22
22
22
22
22
22
23
97
90
23
23
23
23
23
23
23
23
24
50
24
24
24
24
24
24
24
24
24
24
25
25
25
25
25
25
25
25
25
25
26
26
26
26
26
27
27
27
27
27
28
28
28
28
28
28
29
29
29
29
29
29
29
14
29
29
75
29
30
30
30
30
30
30
30
30
30
30
31
31
31
31
31
31
31
32
32
32
1
32
32
32
32
32
32
33
33
33
33
33
33
33
33
33
33
33
33
54
70
33
34
42
34
34
34
34
34
34
35
35
35
35
35
35
35
36
35
36
36
36
18
87
36
35
37
37
37
37
37
37
37
37
37
37
38
38
60
38
38
38
38
38
38
38
38
45
39
39
39
39
39
39
39
39
40
40
40
40
40
40
40
40
4
40
40
40
40
40
40
41
41
41
41
41
41
41
41
41
41
41
42
42
7
42
42
42
42
42
42
42
98
42
42
34
43
43
43
43
43
43
43
43
44
44
44
44
44
44
45
13
45
45
45
45
45
45
45
45
45
45
45
6
46
46
83
46
46
46
46
46
46
46
46
47
47
47
15
47
47
48
48
48
48
48
49
49
49
49
49
49
49
49
49
49
49
49
50
50
50
50
24
50
50
50
50
50
2
51
51
51
51
51
51
51
51
77
51
51
51
51
51
60
51
52
52
52
52
52
52
52
52
53
53
81
53
53
53
53
53
53
54
54
54
54
54
54
54
33
54
54
54
55
55
55
55
55
55
55
56
56
56
56
56
56
57
57
57
57
57
57
57
57
58
58
58
58
58
58
58
58
58
58
59
59
59
59
59
59
59
59
59
59
59
59
60
60
60
60
60
60
60
38
62
61
80
61
61
61
84
90
61
61
61
61
61
61
61
61
61
61
61
61
62
51
87
62
62
62
62
62
62
63
63
63
63
63
63
63
63
63
63
86
63
64
64
64
64
64
64
64
64
64
64
17
65
65
65
65
65
65
65
65
65
65
65
65
66
66
66
66
66
66
66
66
66
67
67
67
67
67
67
67
67
67
67
68
68
68
68
68
86
29
68
68
68
68
68
68
68
69
69
69
69
69
69
69
69
69
33
70
70
70
71
71
71
71
71
71
71
71
71
71
71
72
72
72
72
72
72
73
73
73
73
73
73
73
74
74
85
74
74
74
74
74
74
74
74
75
68
75
75
75
75
75
75
75
76
76
76
76
76
76
76
76
51
77
77
77
77
77
77
77
77
77
77
77
77
77
78
78
4
78
78
78
78
78
78
78
78
79
79
79
79
79
79
79
79
79
80
80
80
80
80
61
80
80
0
80
80
80
80
80
80
81
81
81
81
81
81
81
81
81
81
81
81
2
53
81
82
82
82
82
82
82
82
82
83
83
46
83
83
83
83
83
83
83
83
83
61
84
84
84
84
84
84
84
84
84
84
85
74
85
85
85
85
85
85
86
18
86
4
86
86
86
86
86
86
86
68
86
87
87
18
87
87
62
87
87
87
98
87
87
87
87
87
87
87
87
87
88
88
88
88
88
88
88
88
88
89
89
89
89
89
89
89
89
89
89
89
99
61
90
90
90
90
90
91
91
91
91
91
92
92
92
92
92
92
92
92
93
93
93
93
93
93
93
93
93
93
94
94
94
94
94
36
94
94
94
95
95
95
95
95
95
95
96
15
96
96
96
96
96
96
96
96
96
97
97
97
97
97
97
97
97
23
97
98
98
98
98
98
98
98
98
98
98
98
98
87
98
42
99
99
23
99
99
99
99
99
99
99
