0
0
2
7
13
15
17
18
18
19
20
21
22
22
29
30
31
33
37
37
38
40
46
46
49
51
53
59
59
60
61
63
65
66
67
68
69
73
74
77
82
87
87
88
89
94
96
98
98
99
7
10
11
11
11
12
13
13
13
15
19
23
26
28
30
37
39
40
43
45
49
51
52
53
54
55
59
59
61
62
63
65
68
68
68
68
73
77
78
81
81
82
84
87
87
89
93
97
98
98
0
1
5
7
7
8
8
10
11
15
16
21
21
28
30
31
32
34
35
37
38
39
40
42
43
43
51
52
57
58
62
66
67
70
71
72
76
76
77
78
79
80
83
83
84
87
90
90
92
98
2
7
7
10
11
14
17
23
27
29
29
30
31
36
40
41
41
41
45
50
50
51
53
55
56
58
59
61
61
62
63
64
65
66
67
67
69
74
75
77
79
81
81
89
89
90
91
92
94
99
0
7
9
9
10
13
17
18
20
21
21
22
25
27
33
33
35
36
38
38
39
42
45
49
50
50
52
54
55
61
62
62
63
65
66
67
67
75
78
79
80
83
85
86
87
88
89
93
98
98
2
3
3
8
10
10
13
18
23
25
31
33
34
40
41
41
42
42
46
47
48
48
49
49
49
51
52
52
58
59
61
61
63
65
68
71
72
73
77
81
81
81
84
85
86
87
89
92
94
98
0
1
1
2
3
6
8
9
12
15
16
17
17
24
24
25
29
29
37
42
43
45
49
51
56
58
61
65
66
67
68
69
70
70
71
73
73
74
76
76
77
77
80
84
84
85
87
88
89
99
0
2
2
4
9
11
16
18
18
22
23
27
29
33
33
35
35
45
46
48
49
50
51
54
54
55
58
59
61
64
66
71
71
73
74
74
80
80
82
83
84
86
87
87
89
90
92
92
94
94
0
1
2
2
3
5
11
13
14
14
14
16
17
22
25
28
29
31
37
40
45
45
47
49
53
53
54
55
58
60
60
61
61
65
65
65
67
78
80
81
82
83
86
87
89
92
93
96
97
99
2
2
3
5
11
13
14
15
15
18
23
30
34
34
35
36
38
38
42
42
46
46
50
51
53
54
57
57
57
57
60
63
63
74
78
79
79
81
83
85
87
87
89
92
93
94
96
97
98
98
0
2
2
3
5
5
8
8
11
13
13
18
18
24
29
32
33
36
39
42
43
45
46
46
50
54
55
56
59
59
67
68
74
74
75
75
76
77
78
79
84
86
87
87
88
94
95
96
97
99
1
2
4
4
6
6
7
10
11
12
24
24
29
30
32
33
34
34
35
37
39
40
41
44
44
48
50
51
54
57
58
59
60
64
70
72
74
75
75
76
78
82
86
86
88
88
93
95
97
97
2
4
6
8
12
12
13
14
15
18
24
31
32
33
35
38
39
40
41
42
44
45
46
47
56
60
62
62
64
64
66
66
71
71
72
76
77
77
78
80
80
84
87
89
90
91
95
96
97
99
3
3
4
5
7
9
10
12
15
16
16
18
18
20
21
23
23
24
24
25
26
26
28
32
34
38
38
42
45
45
52
53
56
58
59
64
69
71
72
74
78
80
83
83
87
88
90
96
97
98
0
4
4
5
6
9
10
14
14
14
15
22
27
28
33
35
39
40
41
49
51
51
51
52
55
60
61
61
63
68
68
68
74
75
77
78
79
79
80
80
81
83
84
86
87
90
91
92
93
93
1
3
6
7
8
8
12
14
18
19
22
25
25
31
32
33
34
37
38
38
40
41
43
45
48
57
60
61
63
64
64
65
66
69
71
72
73
77
80
80
81
83
85
85
91
93
94
96
97
99
0
0
1
3
3
5
11
16
18
20
23
23
23
24
24
26
27
29
29
30
33
40
40
42
43
44
45
46
51
53
54
58
61
62
63
63
65
71
80
81
81
83
84
86
86
94
95
95
98
98
3
5
13
15
17
20
21
21
22
23
26
30
33
36
39
41
42
43
44
46
47
47
50
52
56
59
61
61
63
64
65
65
68
68
75
77
77
81
82
84
85
86
87
91
93
93
95
96
96
97
0
0
4
5
7
11
14
14
15
18
21
21
21
22
25
25
25
29
30
30
32
32
32
33
35
36
37
40
40
41
47
51
54
57
58
60
61
61
62
64
69
69
76
80
85
86
88
98
98
99
0
0
1
2
3
3
8
12
17
22
24
24
28
32
33
36
37
38
40
42
42
44
45
49
49
50
50
51
51
53
54
67
68
69
69
71
75
78
79
81
82
82
83
86
88
95
96
96
99
99
